2097152
4194304
2
8
32768
256
16384
32
64
1073741824
8192
4
33554432
67108864
2147483648
16777216
65536
512
4096
131072
536870912
262144
1
134217728
1024
1048576
16
268435456
128
524288
8388608
2048
2147483649
2147485696
516
32800
192
2151677952
2155872256
2147487744
10485760
2147483656
65664
8404992
163840
8389632
2155874304
8454272
2147483657
134250624
295040
2684354564
2164260996
2155937920
2147491972
2147647620
2692808832
2156396684
2281738380
3766485700
2826961612
2290647756
2290148044
2843747036
2833294028
2898326156
2847994572
2847994588
2848056269
2848060396
2848193484
2881743836
2848717773
