16777216
2164260864
2164260868
2164260996
2172649604
2172649668
2172649676
2172649692
2172650204
2306867932
2306876124
2843747036
2843763420
2847957724
2847961820
2848027356
3116462812
3116464860
3116595932
2097152
10485760
2157969408
2157969536
2157969540
2694840452
2694840460
2829058188
2829058700
2829058764
2829066956
2833261260
2833294028
2833294029
2850071245
2850136781
2850137037
2850139085
2850155469
2850286541
2850290637
2147483648
2147516416
2147516420
2147516548
2147516556
2147520652
2281738380
2290126988
2290127500
2290135692
2290152076
2827022988
2831217292
2847994508
2847994572
2848060108
2848062156
2848193228
2848193484
32768
2147516416
2147516420
2147516548
2147516556
2147520652
2281738380
2290126988
2290127500
2290135692
2290152076
2827022988
2831217292
2847994508
2847994572
2848060108
2848062156
2848193228
2848193484
