2
536870912
67108864
134217728
8
16
1048576
16384
128
2147483648
64
33554432
524288
8388608
131072
32768
2048
256
8192
16777216
4096
512
4
4194304
1024
268435456
262144
65536
2097152
1073741824
32
1
2228224
66048
131584
544
262656
16908288
2164260864
33554944
16896
537001984
65664
131328
40
268500992
131585
164352
16843776
548
537002496
537002496
67720
663680
21103104
16844292
167780868
139924
16908844
8528772
8528549
142746501
161686148
430056076
159523517
2577539725
2577605261
2558737039
2608997055
2642617023
2577607359
2575547071
3114515119
3115563695
