128
65664
16842880
16843392
16843396
151061124
151069316
159457924
161555076
161686148
161686156
430121612
430121613
2577605261
2577605263
2577605295
2577605311
2577607359
2577611455
2577644223
67108864
67174400
67182592
2214666240
2214666244
2214666372
2223054980
2357272708
2625708164
2625708165
2625708173
2625839245
2625839261
2625839773
2625839775
2625839807
2642617023
2642621119
2642623167
16384
16896
16900
25092
134242820
134242948
142631556
142762628
142762644
142762652
142762654
142762655
411198111
2558681759
2558681791
2575459007
2575524543
2575525567
2575527615
2575560383
8
40
552
556
16777772
16908844
16908972
16917164
151134892
159523500
161620652
430056108
430056109
2577539757
2577539759
2577605295
2577605311
2577607359
2577611455
2577644223
