131072
2048
1024
536870912
32
33554432
268435456
2147483648
65536
2
512
32768
2097152
256
134217728
1
16384
262144
8388608
64
4
16777216
128
524288
67108864
8
4096
8192
1073741824
1048576
16
4194304
131584
16896
132
268500992
129
144
4194432
536871040
73728
32896
33554560
8388736
66048
1028
2097280
524292
67712
262660
134218244
2097284
4194848
65672
8454784
8454784
8913028
276889728
8651396
1114760
545325696
8716932
12650656
12796544
12780208
12792480
2160276128
2160296632
2160265916
2195925672
2163417774
2160552636
2163686072
2196224696
2566339256
2563238590
1490545342
1524099774
2566908606
