32768
32896
98432
98944
8487552
8487584
12681888
2160165536
2160165552
2160165560
2160296632
2160304824
2160306872
2160323256
2160327352
2160589496
2429024952
2563242680
2564291256
32
544
4194848
4194976
4260512
12649120
12649136
12780208
12780216
12788408
2160272056
2160274104
2160278200
2160294584
2160327352
2160589496
2429024952
2563242680
2564291256
8192
73728
73856
4268160
4268672
4268704
12657312
12657328
12788400
12788408
2160272056
2160274104
2160278200
2160294584
2160327352
2160589496
2429024952
2563242680
2564291256
8388608
8388736
8454272
8454784
8454816
9503392
11600544
11731616
11731624
11739816
2159223464
2163417768
2163419816
2163419832
2163423928
2163686072
2297903800
2566339256
2566372024
2566388408
