131072
4194304
65536
32768
4
64
16777216
2
2097152
33554432
4096
128
8
32
16384
536870912
67108864
512
16
262144
1024
134217728
1073741824
1
8192
524288
2147483648
1048576
256
2048
268435456
8388608
2147487744
8388610
2684354560
2147483904
8389632
9216
2164260864
8404992
4194432
8389632
33792
192
8912896
8388640
2156396544
8520704
2157969408
2155876352
33554568
2151680000
2147549320
2155872416
2148532360
4587656
2441084932
2443182084
2420278280
2424971276
2560622988
2227306924
2428646028
2430731180
3502384044
2579629996
2579630012
2579638204
2579654588
2633196460
3653460973
2579982269
3167184815
2664916974
