536870912
2684354560
2692743168
2961178624
2961178628
2961179140
2963276292
2963407364
2963407372
2967601676
2967601804
2967602060
2967602092
3101819820
3101828012
3101844396
3118621612
3118622636
3118622637
3118688173
64
192
8388800
2155872448
2155872704
2155872708
2155880900
2156011972
2424447428
2428641732
2428641764
2428641772
2428642284
2430739436
2564957164
2581734380
2581735404
2581751788
2581751789
2581817325
32
8388640
8388768
2155872416
2155872672
2155872676
2155872684
2156003756
2424439212
2428633516
2428634028
2428634044
2445411260
2579628988
2579637180
2579638204
2579654588
2579654589
2579720125
2579982269
512
4194816
2151678464
2151678472
2151678474
2151809546
2420245002
2957115914
2965504522
2965504526
2965504558
2965504814
2965504942
3099722670
3099730862
3166839726
3166840750
3166857134
3166857135
3166922671
3167184815
