524288
32768
2048
512
131072
134217728
1073741824
262144
4194304
1
8
1024
8388608
536870912
64
256
268435456
4096
33554432
16384
4
16
2147483648
128
1048576
65536
16777216
67108864
32
2
8192
2097152
1073750016
270336
4608
513
576
66048
67584
135266304
65664
65538
32800
16896
8224
134219776
8389152
134218244
1073815552
8389184
552
66056
134291584
134285824
2163208
134283800
8462880
142681600
2290164224
148963848
8794756
2327904778
2330003976
2295014913
2294489671
3401787914
2563193353
3368249871
3368233647
3368234671
3368271757
3402088077
3402088079
3402088111
