4
516
134218244
134226436
134230532
142619140
142620164
142751236
142753284
142818820
142818948
142818956
147013260
1220755084
3368238732
3368238733
3368271501
3368533645
3402088077
2048
67584
134285312
134285824
142674432
142675456
142683648
142683649
146877953
147009025
147009153
147009161
147009165
2294492813
3368234637
3368238733
3368271501
3368533645
3402088077
256
65792
66304
134284032
142672640
142680832
142681856
142681857
146876161
147007233
147007361
147007369
147007373
147009421
2294493069
3368234893
3368238989
3368271757
3368533901
3402088333
32
544
4194848
4203040
4268576
2151752224
2160140832
2160140834
2294358562
2294358563
2294489635
2294489643
2294491691
2294491695
3368233519
3368233647
3368234671
3368238767
3368271535
3368533679
3402088111
