67108864
1
2048
32
268435456
16384
33554432
134217728
8192
8388608
4
536870912
512
4194304
262144
524288
2097152
1048576
32768
4096
64
8
2147483648
16
131072
65536
128
256
1073741824
16777216
1024
2
544
4194432
268566528
301989888
1028
16896
2097156
1048704
8388736
268435520
260
201326592
129
516
32896
1073741828
518
133
205520896
1114240
306184192
272695424
8390788
2181
133253
8521860
8522372
8782468
2151815808
2688682628
2160200368
2160265876
2160278160
3502451344
3369282192
2294753942
3368233630
3368234654
2330144414
3402051230
3938664094
3938664350
4207099614
