134217728
201326592
205520896
205521024
205586560
205588608
742459520
2889943168
2898331776
2898332288
2898463360
2900560512
2900568704
2900568712
2900569736
2900569752
2934124184
2934124188
2934128284
2934390428
4
132
2180
8390788
8521860
8522372
2156006020
2156006036
2160200340
2160265876
2160274068
3234015892
3368233620
3368233628
3368233630
3368234654
3401789086
3938659998
3938664094
8388608
8388736
8454272
8456320
12650624
2160134272
2160134784
2160134800
2160265872
2160274064
3234015888
3368233616
3368233624
3368233626
3368234650
3401789082
3938659994
3938659998
3938664094
8192
8196
8324
10372
141444
4335748
2151819396
2151819908
2151819924
2160208532
2160274068
3234015892
3368233620
3368233628
3368233630
3368234654
3401789086
3938659998
3938664094
