2
256
16384
33554432
64
4
32
536870912
1024
2147483648
32768
131072
65536
1
16
8
262144
512
2097152
4096
8388608
1048576
8192
67108864
128
1073741824
16777216
4194304
268435456
524288
134217728
2048
134742016
8224
139264
8224
134225920
1032
2147491840
24576
544
142606336
2105344
268435464
134217984
134219776
134750208
401408
8389152
132104
134225936
209716224
142609408
143138816
134285322
679486464
2151680168
142615681
142683264
9053348
144911488
2292327572
2292395140
2227582092
2294953612
2296587662
2294463694
2177574638
2311792366
2345346798
2244949742
3368794094
2379200238
