32
8224
2147491872
2155880480
2156404768
2156535840
2156535968
2156535972
2156536484
2156602020
2156602028
2156603052
2160797356
2160797420
2177574636
2177574638
2311792366
2311825134
256
134217984
134217992
134219016
134284552
134292744
134292872
142681480
142812552
144909704
144909708
2292393356
2292393358
2296587662
2296587726
2296588238
2296588270
2297112558
2297145326
16384
24576
2147508224
2155896832
2155962368
2155962496
2155963008
2156094080
2156094084
2156618372
2156619396
2156619404
2156619468
2160813772
2177590988
2177590990
2177591022
2311808750
2311841518
4194304
2151677952
2151680000
2151680032
2151680160
2151680168
2151811240
2153908392
2153916584
2162305192
2162370728
2162370730
2162370734
2162370798
2162371822
2162372078
2296589806
2297114094
2297114606
2297147374
