1
4194304
1048576
2
16384
16
32
67108864
536870912
32768
134217728
512
8192
64
268435456
33554432
8
65536
16777216
4
2147483648
1024
4096
1073741824
2048
524288
2097152
256
131072
128
262144
8388608
2151677952
1073774592
16842752
32770
150994944
134217736
16777280
16777248
134742016
134217984
134250496
134221824
201326592
2148532224
2164326400
142608384
134251008
17170432
134219784
142614529
402694144
2182094848
142641280
25298432
2827026944
142682240
2306937344
2206343712
2176988672
2176983745
2160245384
2177054344
2311271304
2294496152
2311535496
2378382232
2361637788
2899524508
2378907293
2412457661
