32768
134250496
134252544
142641152
142641280
176195712
2323679360
2323679872
2323810944
2323819136
2324343424
2328537728
2328537736
2328537737
2328603273
2395712137
2395712141
2395712157
2395713181
1024
33792
164864
173056
8561664
8562176
8566272
2156049920
2160244224
2160246272
2160246280
2160246408
2160311944
2160311960
2227420824
2361638552
2361638556
2361638812
131072
16908288
16909312
25297920
25298432
2172782080
2172786176
2172794368
2176988672
2176988680
2176988808
2177054344
2177054360
2177056408
2177056664
2311274392
2378383256
2378383260
67108864
201326592
209715200
209723392
209727488
2357211136
2357342208
2357342720
2361537024
2361537152
2361569920
2361569928
2361569944
2361571992
2361637528
2361637532
2361637788
2361638812
